S 25
F 4 4
F 5 4
F 13 4
F 14 4
F 22 4
F 7 9
F 8 9
F 11 9
F 15 9
F 16 9
F 19 9
F 7 17
F 12 17
F 17 17
F 21 17
F 4 22
F 5 22
F 10 22
F 11 22 
F 16 22
F 21 22
F 22 22
X 7 1 1 2 7
X 1 1 2 2 1 1
X 1 3 1 3 1 3 1 3 1
X 1 3 1 5 1 1 3 1
X 1 3 1 4 1 1 3 1
X 1 1 2 1 1 1
X 7 1 1 1 1 1 7
X 3 1 1
X 1 2 8 1 2 1 2
X 2 1 1 1 2 1 2 2
X 1 2 3 7 1
X 1 1 1 1 1 3 2 1
X 6 2 1 1 4
X 1 3 1 1 1 3 3
X 2 2 5 2 1
X 1 2 1 1 1 1 1 2 2
X 1 8 1 2 3 3 1
X 1 2 6
X 3 1 1 4 1 7
X 4 1 1 1 1
X 1 7 3 1 3 1
X 4 1 1 2 1 1 1 3 1
X 3 3 4 1 3 1
X 1 6 2 2 2 1 1
X 1 1 2 3 1 7
Y 7 3 1 1 7
Y 1 1 2 2 1 1
Y 1 3 1 3 1 1 3 1
Y 1 3 1 1 6 1 3 1
Y 1 3 1 5 2 1 3 1
Y 1 1 2 1 1
Y 7 1 1 1 1 1 7
Y 3 3
Y 1 2 3 1 1 3 1 1 2
Y 1 1 3 2 1 1
Y 4 1 4 2 1 2
Y 1 1 1 1 1 4 1 3
Y 2 1 1 1 2 5
Y 3 2 2 6 3 1
Y 1 9 1 1 2 1
Y 2 1 2 2 3 1
Y 3 1 1 1 1 5 1
Y 1 2 2 5
Y 7 1 2 1 1 1 3
Y 1 1 2 1 2 2 1
Y 1 3 1 4 5 1
Y 1 3 1 3 10 2
Y 1 3 1 1 6 6
Y 1 1 2 1 1 2
Y 7 2 1 2 5